Loss: 1.0948305130004883
Accuracy: 0.6620498895645142